{
    "Servos": {
        "Tilt": {
            "Rotation": [
                [
                    -0.9996156641234154,
                    0.012255144458952283,
                    0.024866352233354677
                ],
                [
                    -0.008554551625546303,
                    -0.9895682925946162,
                    0.14381034016322297
                ],
                [
                    0.026369370216008454,
                    0.14354234819615513,
                    0.9892928032633942
                ]
            ],
            "Center": [
                -33.85843954643337,
                -259.3332610586555,
                -115.90469148898373
            ],
            "LocalToPVCamera": [
                [
                    -0.9996156641234154,
                    -0.008554551625546318,
                    0.026369370216008478,
                    -33.858439546433374
                ],
                [
                    0.012255144458952266,
                    -0.9895682925946162,
                    0.1435423481961552,
                    -259.33326105865547
                ],
                [
                    0.02486635223335466,
                    0.14381034016322294,
                    0.9892928032633943,
                    -115.90469148898376
                ],
                [
                    0.0,
                    0.0,
                    0.0,
                    1.0
                ]
            ],
            "RangeDegrees": [
                0,
                180
            ],
            "LimitDegrees": [
                30,
                125
            ],
            "CalibratedCenter": 90.0,
            "ServoTick": 10.0,
            "CalibratedRotationDegree": 8.365457363001553,
            "AxisOfRotation": [
                1,
                0,
                0
            ],
            "ID": 1
        },
        "Pan": {
            "Rotation": [
                [
                    -0.9996307798929339,
                    -0.016289670815386566,
                    0.02174742548834751
                ],
                [
                    0.01382706567223962,
                    -0.9939520235905587,
                    -0.10894120916865696
                ],
                [
                    0.023390514007615482,
                    -0.10860028280331424,
                    0.9938102748661335
                ]
            ],
            "Center": [
                -23.64207526882656,
                -259.5385558886894,
                -115.42397726094241
            ],
            "LocalToPVCamera": [
                [
                    -0.9996307798929337,
                    0.01382706567223961,
                    0.023390514007615496,
                    -23.64207526882656
                ],
                [
                    -0.016289670815386573,
                    -0.9939520235905588,
                    -0.10860028280331428,
                    -259.5385558886894
                ],
                [
                    0.021747425488347495,
                    -0.10894120916865695,
                    0.9938102748661335,
                    -115.42397726094241
                ],
                [
                    0.0,
                    0.0,
                    0.0,
                    1.0
                ]
            ],
            "RangeDegrees": [
                0,
                270
            ],
            "LimitDegrees": [
                15,
                255
            ],
            "CalibratedCenter": 135.0,
            "ServoTick": 15.0,
            "CalibratedRotationDegree": 13.984926141541905,
            "AxisOfRotation": [
                0,
                1,
                0
            ],
            "ID": 0
        }
    },
    "ProjectorViews": {
        "Reference": {
            "Rotation": [
                [
                    -0.9993470992611824,
                    -0.017353959663870017,
                    0.03168935597712707
                ],
                [
                    0.021714787377998684,
                    -0.9894965320144365,
                    0.1429163431540684
                ],
                [
                    0.028876343386734664,
                    0.143511160595223,
                    0.9892273265418943
                ]
            ],
            "Center": [
                -32.714351190308996,
                -273.2494227165363,
                -67.66897642517748
            ],
            "LocalToPVCamera": [
                [
                    -0.9993470992611827,
                    0.021714787377998687,
                    0.028876343386734685,
                    -32.714351190309
                ],
                [
                    -0.01735395966387003,
                    -0.9894965320144367,
                    0.14351116059522306,
                    -273.24942271653634
                ],
                [
                    0.031689355977127055,
                    0.14291634315406837,
                    0.9892273265418942,
                    -67.66897642517748
                ],
                [
                    0.0,
                    0.0,
                    0.0,
                    1.0
                ]
            ],
            "Intrinsics": [
                [
                    1684.9576774050036,
                    0.0,
                    635.2470639634731
                ],
                [
                    0.0,
                    1684.9576774050036,
                    389.9901038804457
                ],
                [
                    0.0,
                    0.0,
                    1.0
                ]
            ],
            "Dimensions": {
                "Width": 1280,
                "Height": 720
            }
        },
        "All": {
            "LocalToPVCamera": {
                "2": [
                    [
                        -0.9786886677541892,
                        -0.07072935149183805,
                        -0.1927844663012925,
                        -40.92288111623667
                    ],
                    [
                        0.01691630759475501,
                        -0.9633888640505905,
                        0.2675737938600715,
                        -248.03770590417204
                    ],
                    [
                        -0.2046517289125352,
                        0.25861023850740417,
                        0.9440542433527078,
                        -72.26348054834145
                    ],
                    [
                        0.0,
                        0.0,
                        0.0,
                        1.0
                    ]
                ],
                "3": [
                    [
                        -0.9772487870098847,
                        -0.04436948636484399,
                        -0.2074033677822733,
                        -41.093727214225545
                    ],
                    [
                        0.013306716498157426,
                        -0.9887735806028367,
                        0.14882787910160913,
                        -270.61850902882225
                    ],
                    [
                        -0.2116783871436729,
                        0.14268200650945953,
                        0.9668681944477683,
                        -74.25272462191474
                    ],
                    [
                        0.0,
                        0.0,
                        0.0,
                        1.0
                    ]
                ],
                "4": [
                    [
                        -0.9760400110576669,
                        -0.00780996287929812,
                        -0.21745091697754132,
                        -40.93669986410553
                    ],
                    [
                        0.012355550576354393,
                        -0.9997324906579604,
                        -0.01955217360771431,
                        -277.11865618554566
                    ],
                    [
                        -0.21724004507572886,
                        -0.021770429546865717,
                        0.9758754076278594,
                        -85.77712387921856
                    ],
                    [
                        0.0,
                        0.0,
                        0.0,
                        1.0
                    ]
                ],
                "5": [
                    [
                        -0.9992468495557947,
                        0.020998376657748043,
                        0.03263130139236063,
                        -35.77794613530105
                    ],
                    [
                        -0.011567420128738777,
                        -0.9638908600754371,
                        0.26604624533076887,
                        -252.45886601874275
                    ],
                    [
                        0.03703955243229842,
                        0.2654684125103658,
                        0.9634078022908271,
                        -63.554373654959484
                    ],
                    [
                        0.0,
                        0.0,
                        0.0,
                        1.0
                    ]
                ],
                "6": [
                    [
                        -0.9993470992611827,
                        0.021714787377998687,
                        0.028876343386734685,
                        -32.714351190309
                    ],
                    [
                        -0.01735395966387003,
                        -0.9894965320144367,
                        0.14351116059522306,
                        -273.24942271653634
                    ],
                    [
                        0.031689355977127055,
                        0.14291634315406837,
                        0.9892273265418942,
                        -67.66897642517748
                    ],
                    [
                        0.0,
                        0.0,
                        0.0,
                        1.0
                    ]
                ],
                "7": [
                    [
                        -0.9995350701929072,
                        0.01721798238689746,
                        0.025163158326898007,
                        -30.812640188966146
                    ],
                    [
                        -0.017820640852937115,
                        -0.9995549026828511,
                        -0.02392532721336457,
                        -276.0298022379802
                    ],
                    [
                        0.024740012410075198,
                        -0.024362627222867826,
                        0.9993970152950971,
                        -78.41165848520492
                    ],
                    [
                        0.0,
                        0.0,
                        0.0,
                        1.0
                    ]
                ],
                "8": [
                    [
                        -0.9398156361631214,
                        0.13801403209648058,
                        0.3125679077701023,
                        -16.387622106154694
                    ],
                    [
                        -0.049871234847139456,
                        -0.9604031405455876,
                        0.2741143330163408,
                        -258.6707540975599
                    ],
                    [
                        0.33802282461119254,
                        0.24202878873110023,
                        0.9094848187117954,
                        -59.168014078212295
                    ],
                    [
                        0.0,
                        0.0,
                        0.0,
                        1.0
                    ]
                ],
                "9": [
                    [
                        -0.9416672553407619,
                        0.09945535121866148,
                        0.3215142505908075,
                        -13.740609757972107
                    ],
                    [
                        -0.05310404508692913,
                        -0.9872792512363857,
                        0.14986540786160996,
                        -273.101507307834
                    ],
                    [
                        0.3323292653595244,
                        0.12404964003210167,
                        0.9349700242219023,
                        -63.65674953427234
                    ],
                    [
                        0.0,
                        0.0,
                        0.0,
                        1.0
                    ]
                ],
                "10": [
                    [
                        -0.9431166073658861,
                        0.04692572717130141,
                        0.3291337737761141,
                        -18.940913576535493
                    ],
                    [
                        -0.0555195629557456,
                        -0.9983170060860265,
                        -0.016755103360943484,
                        -277.5660301238384
                    ],
                    [
                        0.327793598228923,
                        -0.03407537951186294,
                        0.9441346437194528,
                        -72.02632274522827
                    ],
                    [
                        0.0,
                        0.0,
                        0.0,
                        1.0
                    ]
                ]
            }
        }
    }
}