{
    "Servos": {
      "Tilt": {
        "Rotation": [
          [
            -0.9993320349839377,
            0.01089798322563175,
            0.03488148242943682
          ],
          [
            -0.011222695366270748,
            -0.9998953709188335,
            -0.009126791539433325
          ],
          [
            0.034778369190879774,
            -0.009512159413205636,
            0.999349780537185
          ]
        ],
        "Center": [
          -5.931288999146826,
          -182.96458943623546,
          -87.56655390313989
        ],
        "LocalToPVCamera": [
          [
            -0.9993320349839383,
            -0.011222695366270753,
            0.03477836919087993,
            -5.931288999146842
          ],
          [
            0.010897983225631751,
            -0.9998953709188334,
            -0.00951215941320559,
            -182.9645894362354
          ],
          [
            0.0348814824294367,
            -0.009126791539433377,
            0.9993497805371857,
            -87.56655390313996
          ],
          [
            0.0,
            0.0,
            0.0,
            1.0
          ]
        ],
        "RangeDegrees": [
          0,
          180
        ],
        "LimitDegrees": [
          30,
          125
        ],
        "CalibratedCenter": 90.0,
        "ServoTick": 15.0,
        "CalibratedRotationDegree": 13.20264873716161,
        "AxisOfRotation": [
          1,
          0,
          0
        ],
        "ID": 1
      },
      "Pan": {
        "Rotation": [
          [
            -0.9994119609770906,
            -0.014031656968401966,
            0.031286496426523994
          ],
          [
            0.009413938926919484,
            -0.9896586115730159,
            -0.14313354007097792
          ],
          [
            0.032971351349406694,
            -0.14275484279733258,
            0.9892087468517966
          ]
        ],
        "Center": [
          10.688359938300147,
          -183.585918556163,
          -85.08585020077017
        ],
        "LocalToPVCamera": [
          [
            -0.9994119609770912,
            0.009413938926919456,
            0.03297135134940687,
            10.688359938300135
          ],
          [
            -0.014031656968401977,
            -0.9896586115730163,
            -0.14275484279733258,
            -183.58591855616305
          ],
          [
            0.03128649642652386,
            -0.14313354007097812,
            0.9892087468517976,
            -85.08585020077025
          ],
          [
            0.0,
            0.0,
            0.0,
            1.0
          ]
        ],
        "RangeDegrees": [
          0,
          270
        ],
        "LimitDegrees": [
          15,
          255
        ],
        "CalibratedCenter": 135.0,
        "ServoTick": 20.0,
        "CalibratedRotationDegree": 15.682656127062387,
        "AxisOfRotation": [
          0,
          1,
          0
        ],
        "ID": 0
      }
    },
    "ProjectorViews": {
        "Reference": {
            "Rotation": [
                [
                    -0.9981881276812705,
                    -0.04264789260357966,
                    0.04244548282954125
                ],
                [
                    0.04219918700560947,
                    -0.9990440384769423,
                    -0.01141217769521729
                ],
                [
                    0.042891611909847055,
                    -0.009600335418887758,
                    0.9990336046338076
                ]
            ],
            "Center": [
                -4.833733049089473,
                -233.9838346296544,
                -49.22419219540652
            ],
            "LocalToPVCamera": [
                [
                    -0.9981881276812707,
                    0.042199187005609484,
                    0.04289161190984722,
                    -4.833733049089483
                ],
                [
                    -0.04264789260357966,
                    -0.9990440384769426,
                    -0.009600335418887716,
                    -233.98383462965447
                ],
                [
                    0.04244548282954112,
                    -0.011412177695217341,
                    0.9990336046338085,
                    -49.22419219540658
                ],
                [
                    0.0,
                    0.0,
                    0.0,
                    1.0
                ]
            ],
            "Intrinsics": [
                [
                    1699.6302946919839,
                    0.0,
                    628.692638198375
                ],
                [
                    0.0,
                    1699.6302946919839,
                    383.77072353521436
                ],
                [
                    0.0,
                    0.0,
                    1.0
                ]
            ],
            "Dimensions": {
                "Width": 1280,
                "Height": 720
            }
        },
        "All": {
            "LocalToPVCamera": {
                "2": [
                    [
                        -0.9859962834879612,
                        -0.03141921427183256,
                        -0.16378083502799948,
                        -22.653862612501133
                    ],
                    [
                        -0.0029661099943498353,
                        -0.9786327636508745,
                        0.2055945429736721,
                        -216.06960625744435
                    ],
                    [
                        -0.1667409102153084,
                        0.20320124724910613,
                        0.9648350750138484,
                        -43.95640932309657
                    ],
                    [
                        0.0,
                        0.0,
                        0.0,
                        1.0
                    ]
                ],
                "3": [
                    [
                        -0.9814987121126375,
                        0.005790582067090745,
                        -0.19138115706766548,
                        -17.259590304102677
                    ],
                    [
                        -0.004418099624188248,
                        -0.9999613792032789,
                        -0.0075974007125356145,
                        -228.94561278778772
                    ],
                    [
                        -0.19141775914722467,
                        -0.006611297996639949,
                        0.9814863892188497,
                        -52.44894703739896
                    ],
                    [
                        0.0,
                        0.0,
                        0.0,
                        1.0
                    ]
                ],
                "4": [
                    [
                        -0.9800552862141976,
                        0.0558814627431884,
                        -0.1907063137006451,
                        -19.259644690251296
                    ],
                    [
                        -0.006047255347324032,
                        -0.9675911081855543,
                        -0.2524497535412043,
                        -235.03531664583275
                    ],
                    [
                        -0.1986329949086291,
                        -0.2462614656862341,
                        0.9486307099454963,
                        -69.30075553401635
                    ],
                    [
                        0.0,
                        0.0,
                        0.0,
                        1.0
                    ]
                ],
                "5": [
                    [
                        -0.9979137369628825,
                        0.047027861692655534,
                        0.04423294931825555,
                        -7.916111611497495
                    ],
                    [
                        -0.03712592794290472,
                        -0.9785214870935871,
                        0.20277417185266244,
                        -216.52914912385432
                    ],
                    [
                        0.05281892705416452,
                        0.20070894230395242,
                        0.9782259868885489,
                        -39.761321688934615
                    ],
                    [
                        0.0,
                        0.0,
                        0.0,
                        1.0
                    ]
                ],
                "6": [
                    [
                        -0.9981881276812707,
                        0.042199187005609484,
                        0.04289161190984722,
                        -4.833733049089483
                    ],
                    [
                        -0.04264789260357966,
                        -0.9990440384769426,
                        -0.009600335418887716,
                        -233.98383462965447
                    ],
                    [
                        0.04244548282954112,
                        -0.011412177695217341,
                        0.9990336046338085,
                        -49.22419219540658
                    ],
                    [
                        0.0,
                        0.0,
                        0.0,
                        1.0
                    ]
                ],
                "7": [
                    [
                        -0.9985220251419457,
                        0.03164831378912153,
                        0.044183136384064965,
                        -7.700767720322097
                    ],
                    [
                        -0.04195814294570319,
                        -0.9656145519133936,
                        -0.25656977876134146,
                        -235.03521152749198
                    ],
                    [
                        0.03454387857458278,
                        -0.2580444174311878,
                        0.965515302357049,
                        -67.63932715273543
                    ],
                    [
                        0.0,
                        0.0,
                        0.0,
                        1.0
                    ]
                ],
                "8": [
                    [
                        -0.9305035165268387,
                        0.1514942706628909,
                        0.333485669388515,
                        -1.9680153356300385
                    ],
                    [
                        -0.08261742487334381,
                        -0.9738032798694509,
                        0.21185262146784264,
                        -214.74289667427186
                    ],
                    [
                        0.3568438970172875,
                        0.16957788202421445,
                        0.918643442849127,
                        -39.18527464612791
                    ],
                    [
                        0.0,
                        0.0,
                        0.0,
                        1.0
                    ]
                ],
                "9": [
                    [
                        -0.9337737447067186,
                        0.08714264163910382,
                        0.34709185197084524,
                        0.1519852753598477
                    ],
                    [
                        -0.08964506532860153,
                        -0.9959342409922751,
                        0.008874112990686958,
                        -240.85816403009744
                    ],
                    [
                        0.3464539737953992,
                        -0.022828658026687425,
                        0.9377891534956447,
                        -50.58134825035194
                    ],
                    [
                        0.0,
                        0.0,
                        0.0,
                        1.0
                    ]
                ],
                "10": [
                    [
                        -0.9378157723788958,
                        -0.0003514595377036484,
                        0.3471331928144707,
                        -1.618539322742823
                    ],
                    [
                        -0.08870942217316928,
                        -0.9665530898332123,
                        -0.2406361630170589,
                        -241.81946148348328
                    ],
                    [
                        0.33560723397310366,
                        -0.25646637403383615,
                        0.9064175547146356,
                        -68.19736328712892
                    ],
                    [
                        0.0,
                        0.0,
                        0.0,
                        1.0
                    ]
                ]
            }
        }
    }
}